Weight Height Age Circumference
65.6 174 21 71.5
80.7 193.5 28 83.2
72.6 186.5 23 77.8
78.8 187.2 22 80
74.8 181.5 21 82.5
86.4 184 26 82
78.4 184.5 27 76.8
62 175 23 68.5
81.6 184 21 77.5
76.6 180 23 81.9
83.6 177.8 22 82.6
90 192 20 85
74.6 176 26 85.6
71 174 23 78
79.6 184 22 82
70 171.5 22 73.6
72.4 173 29 78.5
85.9 176 22 87.3
78.8 176 22 92
77.8 180.5 20 80
81.8 173.5 26 81.4
89.6 178 24 89.5
82.8 180.3 21 85
76.4 180.3 24 73.5
63.2 164.5 23 75.8
74.8 183.5 23 77.5
70 175.5 25 74
72.4 188 23 74
84.1 189.2 23 82
69.1 172.8 23 73
67.2 182 22 75
68.6 177.8 22 78.8
80.1 184.2 24 77.5
84.7 171.4 23 84.9
73.4 172.7 24 79.1
72.1 175.3 35 77.9
82.6 180.3 29 91.7
88.7 182.9 25 86.6
84.1 188 23 84.7
94.1 177.2 20 90.3
74.9 172.1 25 79.7
59.1 167 29 73.1
75.6 169.5 23 79.8
86.2 174 23 81.6
75.3 172.7 36 76.8
55.2 164.1 24 73.3
57 163 20 69.9
61.4 171.5 52 72.7
86.8 174 46 90.1
72.2 174 51 82.9
71.6 177 28 77.9
84.8 186 48 92.5
68.2 167 35 77.8
66.1 171.8 23 72.7
72 182 23 75
64.6 167 62 76
74.8 177.8 21 82.7
70 164.5 26 80
101.6 192 33 107.1
63.2 175.5 36 76.2
78.9 181.6 40 89.4
67.7 167.4 27 80.9
66 181.1 27 73.5
68.2 177 23 70.9
63.9 174.5 31 76.1
72 177.5 26 81
56.8 170.5 23 72
74.5 182.4 24 76.8
90.9 197.1 24 86
93 180.1 34 98.5
80.9 175.5 21 79
72.7 180.6 25 77.5
68 184.4 34 75.2
72.5 180.6 40 79.6
72.5 177 21 75.2
73 176.5 29 79.9
70.2 175 27 73.5
70.5 165.1 26 81.5
102.3 192 37 104
68.4 176.5 38 76.2
75.7 182.1 21 81
84.5 179.8 24 88.8
87.7 175.3 45 94
86.4 184.9 25 83.4
73.2 177.3 22 77
55.5 168.9 20 68
58.4 157.2 20 80.6
83.2 180.3 32 88.6
72.7 170.2 23 81.1
64.1 177.8 25 70.8
72.3 172.7 27 73.3
65 165.1 21 75.9
65 165.1 25 75
88.6 174 38 101
84.1 175.3 44 90
66.8 185.4 27 75
75.5 177.8 37 75.9
58 177.8 25 67.1
79.5 177.8 21 82.5
78.6 177.8 30 83.7
71.8 177.8 26 76.7
72.2 163.8 33 90.6
83.6 188 29 85.7
85.5 198.1 27 82.5
90.9 175.3 34 94.7
85.9 166.4 42 105.2
89.1 190.5 29 86
75 166.4 41 90.9
77.7 177.8 43 92.4
86.4 179.7 43 96.5
90.9 172.7 29 98.4
73.6 190.5 27 76.7
76.4 185.4 62 94.8
69.1 168.9 33 80.1
84.5 167.6 45 97.4
69.1 170.2 20 76.1
108.6 190.5 22 95.6
86.4 177.8 51 101
80.9 190.5 34 84.5
87.7 177.8 44 98
80.2 176.5 34 87.8
71.4 180.3 28 81.8
72.7 171.4 31 84.4
76.8 172.7 42 90
63.6 177.8 29 72.9
80.9 177.8 31 81
85.5 170.2 27 93.9
68.6 167.6 25 77
67.7 175.3 24 75
66.4 165.1 33 80.6
102.3 185.4 45 100.5
70.5 181.6 37 81.2
95.9 172.7 44 103.4
84.1 190.5 34 90.3
71.8 175.3 43 86.5
65.9 170.2 24 77.9
95.9 193 22 89.1
91.4 171.4 38 93.9
96.8 177.8 29 98.5
69.1 167.6 25 79.5
82.7 167.6 37 94.9
75.5 180.3 30 76.5
79.5 182.9 26 88.4
73.6 176.5 35 84.2
91.8 186.7 29 87.6
85.9 188 37 92.1
81.8 177.8 34 89.9
82.5 174 28 88.7
80.5 177.8 27 83.9
70 171.4 32 79.5
81.8 185.4 28 84.5
84.1 185.4 22 89.2
90.5 188 44 90.7
91.4 188 25 88.8
89.1 182.9 49 103.6
85 176.5 54 98.5
69.1 175.3 49 82.9
73.6 175.3 60 90.5
80.5 188 42 84.5
82.7 188 52 86
86.4 175.3 23 84.2
92.7 179.1 46 112.1
93.6 177.8 43 99.7
75 182.9 21 80.3
93.2 170.8 18 98.6
93.2 188 21 90
61.4 177.8 22 80.2
83.6 185.4 29 81
85.5 180.3 40 88.8
73.9 174 24 78.1
66.8 167.6 62 81.5
87.3 182.9 26 87.6
72.3 160 35 92.5
88.6 180.3 37 97
101.4 186.7 25 99.5
91.1 175.3 30 93.8
67.3 175.3 32 79.1
77.7 175.9 27 85.8
76.6 177.8 19 79.7
85 182.9 43 86.1
102.5 177.8 28 113.2
77.3 184.2 39 79.5
71.8 179.1 30 85.4
87.9 176.5 36 97.9
94.3 188 48 94.7
70.9 174 48 86.1
64.5 167.6 53 84.9
72.3 167.6 39 83.7
87.3 188 43 97.8
80 174 65 98.6
82.3 176.5 45 89.5
73.6 180.3 37 82.9
74.1 167.6 55 90.1
85.9 188 33 78.9
73.2 180.3 25 80.7
76.3 167.6 35 94.3
65.9 183 28 70.2
90.9 183 26 83.6
89.1 179.1 43 91.9
62.3 170.2 30 71.8
82.7 177.8 26 85
79.1 179.1 51 85.7
84.1 177.8 24 82.4
83.2 180.3 35 86.3
59 167.5 20 61.5
63 157 25 78
59 170 23 66.5
47.6 159.1 26 58
69.8 166 22 74.5
75.2 160.2 40 90.5
55.2 172.5 32 66.5
62.5 172.9 25 69.5
42 153.4 29 62
50 160 22 63.4
49.2 168.2 23 59
73.2 175 37 74
68.8 167.6 23 75
50.6 159.5 25 65
57.2 166.8 24 70.2
87.8 176.5 29 85
72.8 170.2 22 75
54.5 174 30 63
59.8 173 23 70
67.3 179.9 38 72.6
47 160 19 61
46.2 154.4 46 64.2
55 162 20 63.1
83 176.5 22 85
54.4 160 25 66
45.8 152 21 65
53.6 162.1 23 63.2
52.1 160.2 29 68
67.9 161.3 19 75.7
56.6 166.4 21 65.5
62.3 168.9 23 66.9
58.5 163.8 24 67.9
54.5 167.6 20 67.8
50.2 160 19 63.2
60.3 161.3 20 73.1
58.3 167.6 19 65.3
56.2 165.1 20 65.6
50.2 160 19 62.7
72.9 170 22 81.8
59.8 157.5 39 72.1
61 167.6 18 68.6
69.1 160.7 19 80
55.9 163.2 26 64.9
46.5 152.4 20 61.7
60 165.5 21 69.5
60.3 164.5 23 69.8
52.7 156 37 69
74.3 160 19 81
62 163 25 71
73.1 165.7 20 73.6
80 161 41 96.3
54.7 162 26 65
75.7 174 47 83
61.1 172.7 19 67.6
55.7 167.6 44 65.4
48.7 151.1 35 61.6
52.3 164.5 32 63.2
50 163.5 46 59.4
59.3 152 22 62.7
62.5 169 49 66.6
55.7 164 52 64.6
54.8 161.2 25 65.7
45.9 155 48 63
69.4 170 30 68.5
64.8 170.3 24 69
71.6 164.1 23 78
52.8 169.5 30 62
59.8 163.2 23 65.8
49 154.5 45 65
50 159.8 20 64.9
69.2 173.2 20 71.5
63.4 161.4 21 75.4
58.2 169 28 67.2
45.7 159.4 24 57.9
52.2 162.5 25 64.4
48.6 159 19 62.3
55.6 159 29 68
66.8 179.8 24 66
59.4 162.9 24 71.2
53.6 161 25 64.8
69 168.9 20 75
58.4 173.2 32 68.6
56.2 171.8 25 67.1
70.6 178 19 68
59.8 164.3 23 71
72 163 22 76
65.2 168.5 20 70.3
56.6 166.8 27 69.5
105.2 172.7 34 101.5
51.8 163.5 25 67.2
63.4 169.4 26 68.7
59 167.8 19 66
47.6 159.5 26 67.5
55.2 161.2 20 64.2
45 160 21 61
54 163.2 18 60.2
50.2 162.2 19 62.6
44.8 149.5 26 58.5
58.8 157.5 36 67.5
56.4 163.2 20 66.1
67.2 156.5 32 90.1
53.8 164 23 64.1
54.4 160.9 20 72.4
58 162.8 20 71
54.8 160 23 66.1
43.2 160 20 59.5
46.4 158.2 23 65
64.4 156 19 71.5
62.2 167.1 19 70
55.5 158 29 70.4
57.8 167.6 32 64.3
54.6 156 20 66
59.2 162.1 28 70.5
52.7 173.4 36 62
53.2 159.8 22 67.6
64.5 170.5 20 65
51.8 159.2 22 64
56 157.5 32 70.5
63.2 162.6 40 71.1
59.5 160 42 74.7
56.8 168.9 40 62.9
50 162.6 30 61.6
72.3 165.1 28 74.2
55 166.4 37 65.5
60.4 152.4 45 72.9
69.1 170.2 35 72.1
84.5 162.6 41 93.4
55.9 170.2 27 60.7
69.5 172.7 24 75.5
76.4 167.6 36 85.6
58.6 156.2 64 73.7
66.8 175.2 21 67.9
56.6 172.1 32 71.2
58.6 162.6 35 69.3
55.9 160 41 75.6
56.8 165.1 24 66
60 177.8 23 68.3
58.2 165.1 41 63.8
72.7 175.3 44 73.6
54.1 154.9 53 76.3
49.1 158.8 19 58.8
75.9 172.7 24 78
55 168.9 25 64.5
55 167.6 34 62.5
65.5 165.1 32 77.5
65.5 175.3 24 70
58.6 163.8 31 68.3
55.2 165.1 36 68.3
62.7 165.1 32 72
56.6 168.9 39 62.7
53.9 162.6 37 58
63.2 164.5 52 72.7
73.6 176.5 24 85.4
62 168.9 33 67.3
63.6 175.3 42 70.8
53.2 159.4 34 67.4
53.4 160 37 66
55 170.2 39 63.6
70.5 162.6 41 71.7
54.5 162.6 19 66.9
55.9 160.7 22 65.5
59 160 23 70.4
47.3 152.4 25 60.4
67.7 170.2 67 75.3
80.9 165.1 26 83.4
70.5 172.7 21 72.2
60.9 165.1 33 70.1
63.6 170.2 25 69.8
54.5 170.2 24 66.4
59.1 170.2 21 61.7
52.7 167.6 27 63.8
62.7 167.6 27 70.2
66.4 162.6 25 75.8
67.3 152.4 44 81.5
63 168.9 29 67.4
73.6 170.2 26 78.3
62.3 175.2 23 65.9
57.7 175.2 32 62.4
55.4 160 32 65.6
104.1 165.1 43 96.2
77.3 170.2 41 80.5
64.5 167.6 28 71.3
61.4 167.6 25 72.3
58.2 154.9 38 67.4
63.6 175.3 25 67
53.4 171.4 37 69.5
54.5 157.5 27 66.4
53.6 165.1 27 67.6
60 160 20 66.6
73.6 174 19 69.7
61.4 162.6 32 72
55.5 174 26 64.5
60.9 161.3 23 69.1
60 156.2 19 74.7
46.8 149.9 31 60.8
64.1 160 34 68.8
63.6 175.3 24 63.7
67.3 169.5 22 71.2
68.2 172.7 30 77.9
61.4 162.6 32 69.6
76.8 157.5 40 86
71.8 176.5 29 69.9
67.3 163.8 38 80.4
